b0_bajo_fb:0.000199  ->0000000000000000000001101
b1_bajo_fb:0.0003979 ->0000000000000000000011010
b2_bajo_fb:0.000199  ->0000000000000000000001101
a1_bajo_fb:-1.96     ->1111111100000101000111110
a2_bajo_fb:0.9605    ->0000000001111010111100011


b0_medio_fb:0.08316  ->0000000000001010101001001
b1_medio_fb:0.1663   ->0000000000010101010010010
b2_medio_fb:0.08316  ->0000000000001010101001001
a1_medio_fb:-1.035   ->1111111101111011100001011
a2_medio_fb:0.3678   ->0000000000101111000101000


b0_alta_fb:0.8132    ->0000000001101000000101101
b1_alta_fb:1.626     ->0000000011010000001000001
b2_alta_fb:0.8132    ->0000000001101000000101101
a1_alta_fb:1.591     ->0000000011001011101001011
a2_alta_fb:0.3678    ->0000000000101111000101000